 Cluster          RA        DEC      R_Sun    DR     R_GC    DR   N_RV   N_PM    Mass         DM         V     DV   M/L_V   DM/L    rc     rh,l     rh,m     rt    log_rho_c  log_rho_h,m   sig_c   sig_h,m lg_Trh   MF   F_REM   sig0   vesc    etac   etah    A_Rot     P_Rot
  Name                               [kpc]  [kpc]   [kpc]  [kpc]                [Msun]      [Msun]        [mag]      [Msun/Lsun]   [pc]    [pc]     [pc]    [pc]  [Ms/pc3][Ms/pc3] [Ms/pc2] [Ms/pc2] [yr]  Slope         [km/s] [km/s]                  [km/sec]
NGC_104          6.02379  -72.08131   4.52   0.03    7.52    0.01  4379  18199  8.95e+05   5.85e+03    4.08   0.06   1.96   0.09   0.79    3.64     6.30   126.80    4.37    2.65    4.63    3.65    9.73  -0.83   0.44   11.9   47.5   -0.37  -0.04  5.00+-0.32 100.0
NGC_288         13.18850  -26.58261   8.99   0.09   12.21    0.06   567   3271  9.34e+04   2.58e+03    8.10   0.06   2.16   0.10   3.59    5.83     8.37    94.86    1.80    1.28    2.76    2.43    9.47  -0.52   0.49    3.1   10.8   -0.22  -0.09  0.42+-0.32  84.3
NGC_362         15.80942  -70.84878   8.83   0.10    9.62    0.06   509  10969  2.84e+05   4.24e+03    6.48   0.05   1.44   0.05   0.40    2.19     3.79    91.96    4.67    2.80    4.65    3.58    9.16  -0.54   0.55    8.6   31.5   -0.26  -0.11  0.51+-0.56  53.0
Whiting_1       30.73750   -3.25278  30.59   1.17   35.15    1.11     7      0  1.97e+03   3.93e+02   14.62   0.09   0.50   0.11   2.45    9.50    15.49    48.59    0.25   -1.19    1.06    0.19    9.18   0.01   0.45    0.4    1.3   -0.21  -0.03    
NGC_1261        48.06754  -55.21622  16.40   0.19   18.28    0.17   300    154  1.82e+05   2.96e+03    8.31   0.05   1.63   0.07   0.88    3.25     5.23   140.39    3.78    2.19    4.00    3.11    9.30  -0.64   0.53    5.7   21.8   -0.34  -0.12  0.90+-0.64  86.9
Pal_1           53.33350   79.58105  11.18   0.32   17.41    0.29     7      0  1.03e+03   2.04e+02   13.95   0.05   2.40   0.48   0.69    1.80     3.56    23.78    1.68    0.46    1.94    1.21    7.89  -0.16   0.46    0.5    1.9   -0.30  -0.10    
AM_1            58.75959  -49.61528 118.91   3.40  120.27    3.28     2      0  1.92e+04   3.84e+03   15.07   0.06   0.81   0.17   6.56   14.91    19.86   266.24    0.22   -0.50    1.45    1.01    9.63   1.76   0.74    0.9    3.3   -0.15  -0.01    
Eridanus        66.18561  -21.18678  84.68   2.89   89.76    2.78    14      0  1.16e+04   2.31e+03   15.02   0.05   0.92   0.19   6.83   13.75    17.91   169.17    0.02   -0.62    1.25    0.86    9.48   1.08   0.72    0.7    2.6   -0.14  -0.01    
Pal_2           71.52462   31.38150  26.17   1.28   34.19    1.25    16      0  2.31e+05   9.65e+04   12.64   0.07   1.32   0.56   1.63    4.82     8.06   161.79    2.96    1.73    3.56    2.84    9.67  -0.86   0.27    5.1   19.6   -0.36  -0.04    
NGC_1851        78.52816  -40.04655  11.95   0.13   16.69    0.11  1323   7469  3.18e+05   4.24e+03    7.07   0.06   1.66   0.06   0.08    1.75     2.90   127.09    6.25    3.19    5.54    3.85    8.95  -0.41   0.56   11.0   45.7   -0.41  -0.11  0.45+-0.42  71.2
NGC_1904        81.04584  -24.52442  13.08   0.18   19.09    0.16   564      0  1.39e+05   1.07e+04    7.94   0.06   1.39   0.12   0.42    2.51     3.21    65.68    4.49    2.70    4.44    3.40    8.81   0.32   0.70    6.5   26.2   -0.37  -0.07  2.24+-0.46 100.0
NGC_2298       102.24754  -36.00531   9.83   0.17   15.07    0.14    40    248  5.58e+04   7.52e+03    9.06   0.05   1.91   0.26   0.53    2.40     3.31    74.71    3.70    2.27    3.83    2.99    8.65   0.06   0.73    3.9   15.7   -0.34  -0.11    
NGC_2419       114.53529   38.88194  88.47   2.40   95.93    2.33   185      0  9.71e+05   1.46e+05   10.56   0.06   1.99   0.31   8.08   19.69    26.50   829.02    1.67    0.80    2.96    2.43   10.63  -0.37   0.57    5.7   20.5   -0.15   0.01    
Pyxis          136.98690  -37.22660  36.53   0.66   38.61    0.62    43      0  2.46e+04   4.10e+03   13.20   0.06   1.84   0.31  13.36   17.04    22.83   121.56   -0.33   -0.61    1.19    1.00    9.90  -0.58   0.47    1.0    3.2   -0.07  -0.06    
NGC_2808       138.01291  -64.86349  10.06   0.11   11.58    0.08  2119  17933  8.64e+05   6.10e+03    6.14   0.05   1.51   0.06   0.79    2.45     3.89   165.91    4.56    3.24    4.80    4.04    9.37  -0.59   0.51   14.1   54.7   -0.35  -0.08  2.25+-0.56 100.0
E_3            140.23779  -77.28189   7.88   0.25    9.10    0.13    20     50  2.89e+03   5.32e+02   11.85   0.05   1.28   0.24   1.81    4.22     6.14    20.79    1.03    0.17    1.70    1.18    8.56   0.60   0.60    0.6    2.3   -0.23  -0.11    
Pal_3          151.38162    0.07167  94.84   3.23   98.17    3.13    22      0  1.89e+04   3.45e+03   14.52   0.05   1.48   0.27  14.31   20.22    27.44   249.68   -0.57   -0.96    0.97    0.72    9.95  -0.29   0.51    0.8    2.5   -0.10  -0.03    
NGC_3201       154.40343  -46.41248   4.74   0.04    8.93    0.02  3523   3742  1.60e+05   3.29e+03    6.77   0.05   2.16   0.09   1.22    3.80     6.78    77.53    3.25    1.79    3.66    2.83    9.51  -1.12  18.89    4.6   18.4   -0.37  -0.08  0.80+-0.41  98.8
Pal_4          172.31833   28.97337 101.39   2.57  104.05    2.47    23      0  1.29e+04   2.38e+03   14.23   0.05   0.68   0.13  11.38   15.85    21.30   198.06   -0.45   -0.80    1.00    0.77    9.72  -0.10   0.54    0.7    2.4   -0.17  -0.06    
Crater         174.06875  -10.87697 147.23   4.27  147.00    4.12    33      0  1.08e+04   2.13e+03   15.74   0.11   1.16   0.26  12.72   19.35    25.74   236.83   -0.69   -1.12    0.80    0.53    9.78  -0.23   0.51    0.6    1.9   -0.09  -0.03    
NGC_4147       182.52626   18.54264  18.54   0.21   20.74    0.19    44      0  3.90e+04   9.37e+03   10.29   0.05   1.64   0.40   0.36    2.54     4.03    89.25    3.88    1.88    3.83    2.67    8.74  -0.30   0.62    3.2   13.0   -0.39  -0.11    
NGC_4372       186.43910  -72.65908   5.71   0.21    7.22    0.04   194   1846  1.98e+05   7.30e+03    7.37   0.06   2.08   0.12   3.79    5.75     8.53    75.02    2.08    1.58    3.06    2.75    9.68  -1.01   0.64    4.5   15.7   -0.24  -0.09  1.36+-0.68  99.2
Rup_106        189.66750  -51.15028  20.71   0.36   18.04    0.32    33      0  3.42e+04   5.83e+03   11.05   0.05   1.39   0.24   5.11    7.64    11.57    71.64    0.92    0.42    2.04    1.72    9.58  -0.98   0.38    1.6    5.6   -0.27  -0.11    
NGC_4590       189.86658  -26.74406  10.40   0.10   10.35    0.07   256    458  1.22e+05   9.22e+03    7.99   0.05   1.80   0.15   1.96    4.43     7.58    77.43    2.53    1.53    3.22    2.62    9.53  -1.04   0.44    3.7   14.2   -0.39  -0.09  0.27+-0.51  17.2
BH_140         193.47292  -67.17728   4.81   0.25    6.86    0.01     4    590  5.99e+04   4.97e+03    9.15   0.12   2.49   0.34   4.82    6.23     9.53    51.41    1.31    0.92    2.40    2.14    9.48  -0.59   0.38    2.4    8.0   -0.20  -0.09    
NGC_4833       194.89134  -70.87650   6.48   0.08    7.13    0.02   164    968  2.06e+05   1.03e+04    7.19   0.05   1.74   0.10   1.54    3.25     4.76    80.15    3.13    2.36    3.73    3.26    9.22  -0.31   0.61    6.1   22.5   -0.33  -0.12  1.14+-0.83  86.6
NGC_5024       198.23021   18.16817  18.50   0.18   19.00    0.16   340    358  4.55e+05   3.22e+04    7.70   0.05   1.77   0.14   2.31    6.43    10.18   177.72    2.87    1.71    3.61    2.93    9.98  -1.14   0.42    6.3   24.1   -0.31  -0.02  1.17+-0.62  99.5
NGC_5053       199.11288   17.70025  17.54   0.23   18.01    0.20    55      0  7.42e+04   1.61e+04    9.92   0.05   2.55   0.56  10.30   12.37    17.31    97.05    0.50    0.23    1.90    1.72    9.97  -1.14   0.57    2.0    6.3   -0.11  -0.06  0.36+-0.90  15.5
NGC_5139       201.69699  -47.47947   5.43   0.05    6.50    0.01  5441  49154  3.64e+06   4.14e+04    3.50   0.05   2.58   0.10   4.28    7.57    10.36   202.91    3.25    2.60    4.23    3.84   10.40  -0.77   0.62   17.7   63.9   -0.07  -0.03  4.27+-0.52 100.0
NGC_5272       205.54842   28.37728  10.18   0.08   12.09    0.06   651    783  4.06e+05   1.72e+04    6.39   0.05   1.61   0.09   1.23    3.39     6.34   127.28    3.67    2.29    4.08    3.29    9.66  -1.17   0.42    7.6   30.0   -0.39  -0.07  1.75+-0.42 100.0
NGC_5286       206.61171  -51.37425  11.10   0.14    8.46    0.09  1106    542  3.53e+05   1.20e+04    7.35   0.05   1.48   0.06   0.40    2.37     3.79    93.89    4.81    2.90    4.77    3.68    9.18  -0.51   0.39    9.7   39.6   -0.36  -0.10  0.76+-0.95  40.6
AM_4           209.08907  -27.16517  29.01   0.94   24.58    0.87    14      0  7.56e+02   1.51e+02   16.49   0.06   3.63   0.75   2.15    6.38    15.00    51.00   -0.07   -1.57    0.68   -0.18    9.18  -2.12   0.27    0.2    0.8   -0.27  -0.11    
NGC_5466       211.36371   28.53444  16.12   0.16   16.48    0.14    68    324  5.98e+04   9.91e+03    9.32   0.05   1.44   0.24   6.48    9.53    14.03    79.88    0.88    0.41    2.09    1.79    9.81  -1.00   0.43    1.9    6.6   -0.23  -0.08  0.84+-0.65  81.3
NGC_5634       217.40533   -5.97643  25.96   0.62   21.84    0.57    50     84  2.28e+05   4.37e+04    9.51   0.08   2.18   0.44   0.75    4.48     7.39   182.86    4.20    1.85    4.13    2.91    9.57  -0.76   0.43    5.6   22.9   -0.37  -0.05    
NGC_5694       219.90125  -26.53878  34.84   0.74   29.16    0.70   134      0  3.17e+05   2.83e+04    9.86   0.13   2.10   0.30   0.04    3.10     4.86   240.54    6.70    2.52    5.70    3.40    9.29  -0.53   0.49    9.2   37.4   -0.35  -0.07  5.62+-6.40  62.3
IC_4499        225.07719  -82.21379  18.89   0.25   15.75    0.22    68    134  1.55e+05   2.58e+04    9.84   0.06   2.27   0.39   5.14   10.16    14.96   110.32    1.47    0.76    2.58    2.15   10.02  -1.04   0.35    3.0   10.7   -0.26  -0.04    
NGC_5824       225.99416  -33.06814  31.71   0.60   25.42    0.57   172    146  7.62e+05   4.14e+04    8.86   0.08   2.04   0.17   0.66    4.49     6.51   261.18    4.61    2.52    4.73    3.53    9.66  -0.44   0.53   11.2   45.3   -0.39  -0.03  6.47+-2.28  99.7
Pal_5          229.01917   -0.12100  21.94   0.51   17.27    0.47    52      0  9.98e+03   1.66e+03   11.86   0.06   1.23   0.21  14.86   20.41    27.64    46.09   -0.91   -1.25    0.66    0.44    9.87  -0.37   0.50    0.6    1.9   -0.15  -0.07    
NGC_5897       229.35166  -21.01012  12.55   0.24    7.41    0.18   157    550  1.57e+05   1.43e+04    8.48   0.05   2.22   0.22   5.49    7.61    10.99    69.58    1.55    1.15    2.69    2.43    9.82  -1.03   0.56    3.5   11.9   -0.20  -0.08  1.02+-0.79  82.0
NGC_5904       229.63841    2.08103   7.48   0.06    6.27    0.02   887   7961  3.94e+05   6.42e+03    5.95   0.05   1.81   0.06   1.18    3.51     5.68    81.73    3.71    2.41    4.12    3.37    9.51  -0.85   0.54    7.9   30.6   -0.35  -0.07  4.11+-0.42 100.0
NGC_5927       232.00287  -50.67303   8.27   0.11    4.77    0.03   397  14086  2.75e+05   2.37e+03    7.74   0.06   1.63   0.06   1.42    3.47     5.28    63.78    3.37    2.36    3.89    3.29    9.31  -0.07   0.47    6.7   24.2   -0.26  -0.06  0.93+-0.72  82.2
NGC_5946       233.86905  -50.65971   9.64   0.51    5.20    0.26    32    130  9.31e+04   1.37e+04    9.49   0.09   1.58   0.26   0.31    1.93     2.59    44.03    4.51    2.81    4.42    3.42    8.59   0.13   0.55    6.0   23.8   -0.35  -0.12    
NGC_5986       236.51250  -37.78642  10.54   0.13    4.85    0.08   239    216  3.34e+05   2.35e+04    7.70   0.05   1.90   0.15   1.17    2.77     4.25    65.86    3.63    2.71    4.11    3.55    9.25  -0.52   0.54    8.2   30.9   -0.39  -0.12  1.65+-0.93  97.7
FSR_1716       242.62500  -53.74889   7.43   0.27    4.14    0.02     9     28  6.43e+04   2.28e+04   13.06   0.18   9.19   3.39   1.90    3.66     5.16    35.62    2.41    1.75    3.09    2.69    9.01  -0.16   0.59    3.3   11.8   -0.28  -0.11    
Pal_14         242.75250   14.95778  73.58   1.63   68.55    1.56    16      0  1.89e+04   3.51e+03   14.13   0.05   1.68   0.32  16.29   27.62    36.70    77.00   -0.85   -1.30    0.78    0.49   10.10  -0.04   0.60    0.7    2.3   -0.07  -0.00    
Lynga_7        242.76521  -55.31778   7.90   0.16    4.35    0.03     6    254  7.96e+04   1.07e+04    9.87   0.14   1.66   0.31   2.16    4.11     5.16    39.06    2.40    1.84    3.13    2.78    8.99   1.10   0.61    3.6   12.7   -0.19  -0.08    
NGC_6093       244.26004  -22.97608  10.34   0.12    3.95    0.08  2837    294  3.38e+05   9.41e+03    7.43   0.05   2.08   0.08   0.41    1.76     2.62    61.98    4.85    3.36    4.85    3.98    8.86  -0.16   0.62   11.0   43.5   -0.37  -0.11  1.97+-0.84  99.7
RLGC_1         244.28504  -44.59406  28.84   4.01   21.59    3.84     0     32  2.97e+05          0    13.1      0   1.80      0   2.83    7.97    11.60   172.83    2.39    1.47    3.26    2.71    9.90  -0.85   0.41    4.6   17.2   -0.32  -0.02    
NGC_6101       246.45049  -72.20219  14.45   0.19   10.36    0.15    47     42  1.78e+05   3.22e+04    8.68   0.05   2.56   0.47   5.86    9.56    14.06    89.11    1.46    0.88    2.62    2.26   10.04  -1.27   0.51    3.3   11.6   -0.26  -0.05    
NGC_6121       245.89674  -26.52575   1.85   0.02    6.45    0.01  2896  10370  8.71e+04   1.13e+03    5.65   0.06   1.59   0.06   0.39    2.49     3.69    53.43    4.19    2.33    4.16    3.10    8.87  -0.25   0.53    4.8   19.4   -0.37  -0.11  0.22+-0.17  81.8
NGC_6139       246.91847  -38.84878  10.04   0.45    3.51    0.28    56    240  3.23e+05   3.27e+04    8.97   0.09   1.73   0.22   0.27    1.85     2.47    66.58    5.36    3.41    5.11    4.00    8.79   0.24   0.59   11.5   45.6   -0.35  -0.10    
NGC_6144       246.80777  -26.02350   8.15   0.13    2.50    0.02    22     76  7.92e+04   1.37e+04    9.24   0.05   2.49   0.44   1.62    3.63     4.91    28.18    2.66    1.90    3.28    2.81    9.01   0.11   0.71    3.7   13.6   -0.34  -0.10    
Ter_3          247.16248  -35.33983   7.64   0.31    2.46    0.02    22     80  4.04e+04   1.15e+04   10.59   0.18   1.75   0.57   2.93    4.67     7.19    22.45    1.68    1.11    2.56    2.20    9.17  -0.58   0.17    2.2    7.9   -0.29  -0.09    
NGC_6171       248.13275  -13.05378   5.63   0.08    3.74    0.04   374    833  7.49e+04   3.94e+03    8.28   0.05   2.22   0.14   0.83    2.86     3.94    36.17    3.34    2.17    3.67    2.98    8.87  -0.02   0.68    4.1   16.0   -0.39  -0.10  0.70+-0.46  93.9
ESO_452-SC11   249.85417  -28.39917   7.39   0.20    2.12    0.05    13     48  8.26e+03   3.35e+03   11.76   0.07   2.42   0.99   0.73    2.52     3.68    10.99    2.53    1.30    2.80    2.08    8.41   0.63   0.62    1.4    5.6   -0.33  -0.12    
NGC_6205       250.42181   36.45986   7.42   0.08    8.64    0.04   430   1405  5.45e+05   2.06e+04    5.81   0.05   2.31   0.12   1.89    3.46     5.26   134.25    3.34    2.66    4.02    3.59    9.52  -0.70   0.66    9.4   34.0   -0.30  -0.10  1.53+-0.61  99.9
NGC_6218       251.80907   -1.94853   5.11   0.05    4.57    0.02  1078   2815  1.07e+05   3.28e+03    7.09   0.05   1.92   0.09   1.21    2.83     4.05    45.27    3.13    2.29    3.62    3.11    8.94  -0.28   0.62    4.8   17.8   -0.32  -0.11  0.93+-0.37 100.0
NGC_6229       251.74525   47.52780  30.11   0.47   29.45    0.44    21      0  2.86e+05   9.09e+04    9.33   0.07   1.93   0.62   1.05    3.12     4.41   209.53    3.66    2.61    4.09    3.46    9.21  -0.53   0.65    7.5   28.7   -0.34  -0.10    
FSR_1735       253.04417  -47.05806   9.08   0.53    3.25    0.22     6      0  7.23e+04   1.43e+04   14.38   0.11   1.48   0.33   0.51    2.14     2.97    31.73    3.87    2.52    4.00    3.20    8.63   0.15   0.62    4.7   18.6   -0.34  -0.11    
NGC_6235       253.35568  -22.17745  11.94   0.38    4.42    0.33     2    120  1.07e+05   2.09e+04    9.62   0.05   2.56   0.51   1.20    3.33     4.78    39.11    3.07    2.07    3.56    2.96    9.09  -0.22   0.56    4.4   16.8   -0.34  -0.10    
NGC_6254       254.28772   -4.10031   5.07   0.06    4.35    0.03   439   1046  2.05e+05   4.31e+03    6.61   0.05   1.86   0.08   1.05    2.97     4.81    54.06    3.49    2.34    3.92    3.24    9.25  -0.68   0.53    6.2   23.7   -0.35  -0.10  0.26+-0.56  12.0
NGC_6256       254.88611  -37.12097   7.24   0.29    1.94    0.11    15   1708  1.25e+05   3.17e+03   10.56   0.12   2.11   0.22   0.04    2.97     4.82    30.17    6.21    2.13    5.22    3.03    9.15  -0.63   0.62    5.4   20.9   -0.38  -0.12    
Pal_15         254.96260   -0.53900  44.10   1.14   37.28    1.10     5      0  5.09e+04   1.00e+04   13.55   0.07   3.50   0.71  14.29   20.13    26.86   116.85   -0.15   -0.50    1.40    1.18   10.10  -0.25   0.55    1.3    4.2   -0.11  -0.03    
NGC_6266       255.30415  -30.11339   6.41   0.10    2.15    0.08   251  16888  6.10e+05   4.50e+03    6.60   0.07   1.99   0.11   0.39    1.79     2.43    46.33    5.15    3.71    5.15    4.29    8.91   0.21   0.62   15.3   60.3   -0.37  -0.08  6.22+-1.53 100.0
NGC_6273       255.65749  -26.26797   8.34   0.16    1.43    0.03   282    671  6.97e+05   3.61e+04    6.88   0.06   2.25   0.14   1.01    3.15     4.21    38.77    4.15    3.05    4.54    3.88    9.30   0.33   0.68   12.1   46.0   -0.30  -0.04  4.19+-1.12 100.0
NGC_6284       256.12011  -24.76480  14.21   0.42    6.32    0.40    32     62  1.29e+05   2.33e+04    9.31   0.12   1.33   0.26   0.47    2.93     3.78    64.43    4.22    2.45    4.26    3.23    8.89   1.01   0.65    5.9   23.4   -0.35  -0.04    
NGC_6287       256.28890  -22.70801   7.93   0.37    1.57    0.04     3    300  1.45e+05   1.82e+04    9.26   0.08   2.82   0.40   0.21    1.95     3.65    23.74    4.95    2.57    4.66    3.32    9.01  -0.62   0.61    6.3   26.1   -0.39  -0.13    
NGC_6293       257.54250  -26.58208   9.19   0.28    1.60    0.18     2    140  2.05e+05   1.60e+04    8.40   0.11   2.55   0.33   0.13    2.36     4.05    26.30    5.56    2.58    5.02    3.39    9.16  -0.82   0.69    7.5   30.3   -0.39  -0.12    
NGC_6304       258.63440  -29.46203   6.15   0.15    2.19    0.13   188    120  1.26e+05   1.14e+04    8.18   0.08   1.57   0.17   0.22    1.95     4.26    29.65    4.94    2.30    4.58    3.13    9.10  -0.76   0.06    5.5   21.3   -0.35  -0.11  1.30+-0.91  89.4
NGC_6316       259.15542  -28.14011  11.15   0.39    3.16    0.36    65     96  3.18e+05   3.94e+04    9.01   0.19   2.59   0.52   0.60    2.98     4.77    52.51    4.31    2.56    4.45    3.43    9.27  -0.28   0.60    8.2   32.7   -0.36  -0.07    
NGC_6325       259.49633  -23.76768   7.53   0.32    1.28    0.13    41   1065  5.89e+04   2.04e+03   10.90   0.09   2.09   0.11   0.31    1.70     2.05    16.06    4.54    2.91    4.37    3.43    8.24   1.32   0.72    5.3   20.9   -0.34  -0.05    
NGC_6333       259.79909  -18.51626   8.30   0.14    1.73    0.02    34    576  3.23e+05   2.47e+04    7.65   0.05   2.14   0.18   0.91    2.73     4.17    33.98    3.86    2.73    4.23    3.56    9.22  -0.42   0.57    8.3   31.8   -0.35  -0.11    
NGC_6341       259.28076   43.13594   8.50   0.07    9.85    0.04   384   7514  3.52e+05   4.19e+03    6.51   0.05   2.16   0.07   0.78    2.39     4.49   120.87    4.11    2.67    4.34    3.53    9.39  -1.15   0.57    8.4   32.8   -0.34  -0.13  1.46+-0.61  99.9
NGC_6342       260.29157  -19.58766   8.01   0.23    1.54    0.02    53   1669  4.22e+04   1.12e+03    9.86   0.12   1.83   0.13   0.34    1.48     2.06    15.47    4.16    2.77    4.11    3.28    8.22   0.96   0.66    4.4   17.3   -0.35  -0.09    
NGC_6352       261.37128  -48.42217   5.54   0.07    3.51    0.04    43    400  6.47e+04   2.02e+03    8.06   0.06   2.21   0.11   1.12    2.88     4.56    33.58    2.93    1.92    3.40    2.79    8.96  -0.16   0.58    3.5   13.5   -0.30  -0.11    
NGC_6355       260.99353  -26.35283   8.65   0.22    0.93    0.12    44   1790  1.01e+05   2.62e+03   10.04   0.08   1.63   0.11   0.21    2.36     3.55    14.02    4.88    2.44    4.55    3.19    8.86  -0.31   0.62    5.5   22.1   -0.37  -0.12    
NGC_6356       260.89580  -17.81303  15.66   0.92    7.86    0.87    41     98  6.00e+05   8.55e+04    8.32   0.08   2.75   0.43   1.48    3.87     6.86    93.23    3.52    2.35    4.08    3.40    9.72  -0.87   0.32    8.8   33.4   -0.29  -0.04    
IC_1257        261.78543   -7.09306  26.59   1.43   19.27    1.37     5      0  1.81e+04   3.62e+03   13.81   0.13   1.26   0.29   1.16    4.05     5.54    65.92    2.28    1.11    2.76    2.06    8.85   0.03   0.63    1.7    6.6   -0.35  -0.12    
Ter_2          261.88792  -30.80233   7.75   0.33    0.74    0.16     8     36  1.36e+05   2.46e+04   13.11   0.11   2.27   0.46   0.42    2.43     4.16    11.28    4.38    2.37    4.31    3.18    9.03  -0.18   0.52    5.7   23.0   -0.38  -0.09    
Ter_4          262.66251  -31.59553   7.59   0.31    0.82    0.20     9     48  2.00e+05   5.63e+04   13.43   0.27   2.82   1.06   0.57    3.43     6.06    16.86    4.07    2.08    4.12    3.06    9.43  -0.82   0.04    5.5   22.8   -0.43  -0.07    
HP_1           262.77167  -29.98167   7.00   0.14    1.26    0.13    38    116  1.24e+05   1.71e+04   11.07   0.15   3.28   0.56   1.26    2.91     3.74    19.00    3.19    2.45    3.70    3.24    8.89   0.53   0.70    5.3   19.4   -0.29  -0.09    
FSR_1758       262.80000  -39.80800  11.09   0.74    3.46    0.63    13    640  6.28e+05   5.59e+04    9.14   0.09   1.58   0.17  10.65   12.55    17.04   119.62    1.41    1.18    2.83    2.67   10.41  -1.50   0.29    5.8   18.8   -0.10  -0.05    
NGC_6362       262.97910  -67.04833   7.65   0.07    5.20    0.01   344   2335  1.27e+05   3.17e+03    7.45   0.06   1.87   0.08   2.89    5.13     7.23    51.84    2.19    1.60    3.05    2.69    9.42  -0.48   0.68    3.9   13.8   -0.19  -0.11  0.47+-0.40  75.2
NGC_6366       261.93436   -5.07986   3.44   0.05    5.23    0.04   229   1170  3.76e+04   1.93e+03    8.85   0.05   1.71   0.11   1.96    3.77     5.56    34.82    2.11    1.42    2.81    2.39    8.99  -0.16   0.49    2.4    8.8   -0.26  -0.10  0.63+-0.60  66.6
Liller_1       263.35233  -33.38956   8.06   0.34    0.74    0.07    82      0  9.15e+05   1.47e+05   15.73   0.12   2.72   0.67   0.19    1.11     2.01    36.89    6.05    4.13    5.76    4.63    8.85   0.11   0.52   21.8   89.5   -0.42  -0.07    
NGC_6380       263.61861  -39.06953   9.61   0.30    2.15    0.21    62   5757  3.34e+05   4.73e+03   10.70   0.13   2.90   0.32   1.12    3.15     4.40    39.60    3.71    2.67    4.14    3.53    9.20   0.24   0.75    8.2   31.0   -0.30  -0.06    
Ter_1          263.94667  -30.48178   5.67   0.17    2.52    0.16    22     64  1.50e+05   2.50e+04   12.40   0.12   1.73   0.35   0.32    1.52     2.15    32.33    4.78    3.27    4.68    3.80    8.54  -0.10   0.04    8.1   32.2   -0.43  -0.11    
Ton_2          264.03929  -38.54092   6.99   0.34    1.76    0.19    24    172  6.91e+04   1.62e+04   11.66   0.09   2.13   0.51   1.16    2.89     4.60    22.41    2.87    1.92    3.37    2.83    9.01  -0.82   0.10    3.4   13.6   -0.39  -0.12    
NGC_6388       264.07178  -44.73550  11.17   0.16    3.99    0.13   511  11863  1.25e+06   1.08e+04    6.82   0.05   2.19   0.06   0.42    2.57     4.34   100.55    5.34    3.26    5.30    4.10    9.49  -0.43   0.50   17.4   70.2   -0.36  -0.05  1.51+-0.65  99.5
NGC_6397       265.17538  -53.67434   2.48   0.02    6.01    0.02  3187   5612  9.66e+04   1.26e+03    5.45   0.05   1.66   0.07   0.04    2.16     3.90    52.44    6.41    2.30    5.29    3.09    8.94  -0.76   0.56    5.3   21.1   -0.37  -0.11  0.48+-0.17 100.0
NGC_6401       264.65219  -23.90960   8.06   0.24    0.75    0.04    17   3428  1.45e+05   2.44e+03    9.90   0.12   3.28   0.16   0.53    2.43     3.28    13.25    4.12    2.69    4.25    3.42    8.86   0.00   0.63    6.4   25.4   -0.36  -0.11    
NGC_6402       264.40065   -3.24592   9.14   0.25    3.97    0.11   337    720  5.92e+05   2.97e+04    7.87   0.07   2.12   0.16   2.16    3.52     5.14    73.09    3.26    2.72    4.00    3.66    9.49  -0.58   0.46    9.9   34.8   -0.23  -0.10  1.58+-0.88  97.7
Pal_6          265.92581  -26.22499   7.05   0.45    1.19    0.40    21     74  9.45e+04   2.06e+04   11.60   0.11   1.53   0.34   0.95    2.22     2.89    15.48    3.43    2.67    3.82    3.36    8.67   0.55   0.06    5.3   19.5   -0.29  -0.13    
NGC_6426       266.22796    3.17014  20.71   0.35   14.45    0.33    30    100  7.17e+04   2.38e+04   11.13   0.06   1.99   0.66   2.84    5.18     8.00    86.11    1.92    1.22    2.78    2.35    9.43  -0.91   0.45    2.8   10.0   -0.27  -0.11    
Djor_1         266.86958  -33.06639   9.88   0.65    1.82    0.59     9     33  7.97e+04   1.33e+04   13.08   0.19   1.83   0.37   0.97    4.06     5.57    24.37    3.08    1.74    3.48    2.70    9.11   0.28   0.62    3.6   14.3   -0.33  -0.09    
Ter_5          267.02020  -24.77906   6.62   0.15    1.65    0.13   441    112  9.35e+05   6.87e+04   12.36   0.08   2.53   0.26   0.51    1.86     3.77    48.83    4.92    3.34    5.04    4.11    9.35  -0.51   0.05   15.5   57.2   -0.14  -0.02  7.97+-2.38 100.0
NGC_6440       267.22017  -20.36042   8.25   0.24    1.23    0.03   118    149  4.89e+05   4.72e+04    8.97   0.14   1.56   0.24   0.35    1.27     2.14    32.65    5.20    3.78    5.15    4.31    8.78   0.37   0.50   14.6   57.7   -0.35  -0.09  3.93+-2.74  87.5
NGC_6441       267.55441  -37.05145  12.73   0.16    4.78    0.15   869  10626  1.32e+06   1.10e+04    7.12   0.09   1.77   0.13   0.53    2.11     3.47   111.55    5.19    3.59    5.25    4.33    9.33  -0.30   0.50   19.1   75.2   -0.34  -0.07  1.52+-1.66  55.3
Ter_6          267.69325  -31.27539   7.27   0.35    0.97    0.31    11     52  1.04e+05   1.07e+03   14.47   0.08   1.78   0.12   0.31    1.03     1.33    19.34    4.78    3.72    4.70    4.05    8.07   1.38   0.08    8.4   31.7   -0.33  -0.12    
NGC_6453       267.71551  -34.59848  10.07   0.22    2.10    0.19    21   2444  1.65e+05   3.63e+03    9.19   0.13   1.47   0.18   0.10    2.73     3.85    30.58    5.75    2.54    5.11    3.33    9.00   0.03   0.62    7.2   29.2   -0.37  -0.10    
UKS_1          268.61331  -24.14528  15.58   0.56    7.47    0.54     5      0  7.70e+04          0    17.3      0   1.80      0   1.10    2.87     3.84    47.13    3.09    2.22    3.55    3.02    8.85   0.11   0.64    4.2   15.7   -0.34  -0.11    
VVV-CL001      268.67708  -24.01472   8.08   1.48    0.76    0.68    23      0  1.35e+05   3.15e+04   17.70      0   3.92   2.08   0.54    2.21     2.94    18.29    4.09    2.84    4.24    3.50    8.75   0.14   0.64    6.4   25.4   -0.35  -0.11    
NGC_6496       269.76535  -44.26595   9.64   0.15    2.81    0.09   126    320  6.89e+04   7.26e+03    8.65   0.10   1.63   0.22   2.54    4.40     6.42    28.78    2.09    1.49    2.90    2.52    9.18   0.02   0.58    3.0   10.4   -0.22  -0.09  1.21+-0.63  97.1
Ter_9          270.41167  -26.83972   5.77   0.34    2.46    0.32   121     70  1.20e+05   1.41e+04   12.73   0.13   3.21   0.54   0.25    1.60     1.90    29.71    4.92    3.32    4.74    3.80    8.38   1.15   0.03    7.8   31.3   -0.36  -0.09    
Djor_2         270.45438  -27.82582   8.76   0.18    0.80    0.13    14     40  1.25e+05   3.46e+03   10.70   0.15   3.64   0.38   1.19    4.29     5.16    12.07    3.10    2.06    3.60    2.98    9.03   1.84   0.76    4.3   16.4   -0.26  -0.03    
NGC_6517       270.46075   -8.95878   9.23   0.56    3.24    0.26    32    152  1.95e+05   2.79e+04   10.69   0.07   2.34   0.35   0.13    1.68     2.29    43.38    5.68    3.29    5.22    3.85    8.64   0.29   0.35    9.9   40.7   -0.37  -0.11    
Ter_10         270.74083  -26.06694  10.21   0.40    2.17    0.37     3     58  3.02e+05   5.55e+04   14.73   0.12   5.54   1.14   0.26    3.43     4.60    33.96    5.02    2.57    4.84    3.43    9.22  -0.00   0.62    8.8   36.1   -0.41  -0.07    
NGC_6522       270.89198  -30.03397   7.29   0.21    1.04    0.17   491     60  2.11e+05   1.32e+04    8.15   0.07   2.43   0.17   0.42    2.45     3.08    23.28    4.56    2.93    4.58    3.62    8.85   0.80   0.73    8.2   32.5   -0.34  -0.06  1.43+-2.21  24.4
NGC_6528       271.20670  -30.05578   7.83   0.24    0.70    0.10   263     30  5.67e+04   6.54e+03    9.71   0.11   1.78   0.26   0.33    1.91     2.73     8.41    4.24    2.53    4.18    3.15    8.46   0.89   0.78    4.7   18.5   -0.32  -0.04    
NGC_6535       270.96045   -0.29764   6.36   0.12    4.04    0.02    29    259  2.19e+04   3.72e+03   10.10   0.05   2.64   0.46   0.08    2.67     3.65    25.75    4.97    1.73    4.30    2.49    8.54   0.02   0.79    2.7   11.0   -0.38  -0.13    
NGC_6539       271.20728   -7.58586   8.16   0.39    3.09    0.07   122    376  2.09e+05   1.72e+04    9.94   0.06   1.91   0.17   1.52    3.68     5.18    45.41    3.19    2.25    3.74    3.18    9.22   0.37   0.53    5.9   22.1   -0.28  -0.05  1.94+-1.15  95.9
NGC_6540       271.53566  -27.76529   5.91   0.27    2.34    0.25    27      8  3.45e+04   1.24e+04    9.74   0.19   1.39   0.52   0.06    2.66     5.32    17.05    5.14    1.44    4.37    2.40    9.09  -1.51   0.19    2.5    9.7   -0.36  -0.12    
NGC_6541       272.00983  -43.71489   7.61   0.10    2.19    0.01   207    640  2.93e+05   8.78e+03    6.61   0.05   1.75   0.08   0.09    2.29     4.34    38.94    5.99    2.64    5.31    3.48    9.29  -0.78   0.50    8.6   34.9   -0.38  -0.11  3.73+-1.15 100.0
NGC_6544       271.83383  -24.99822   2.58   0.06    5.62    0.06    53    582  9.14e+04   5.50e+03    7.86   0.23   2.58   0.57   0.16    1.53     2.07    48.64    5.34    3.09    4.90    3.60    8.36   0.52   0.72    7.0   29.0   -0.40  -0.08    
2MASS-GC01     272.09085  -19.82972   3.37   0.62    4.90    0.57     2      0  3.51e+04          0    27.7      0   1.80      0   0.50    3.53     4.70    28.90    3.43    1.62    3.54    2.49    8.81   0.10   0.62    2.7   11.2   -0.38  -0.08    
ESO_280-SC06   272.27500  -46.42333  20.95   0.65   13.41    0.61    18      0  7.80e+03   1.93e+03   12.51   0.11   1.72   0.46   2.38    7.02     9.65    44.09    1.01    0.03    1.81    1.23    9.08  -0.09   0.62    0.8    3.2   -0.31  -0.08    
NGC_6553       272.31532  -25.90775   5.33   0.13    2.93    0.12   516    180  2.85e+05   1.58e+04    8.05   0.07   3.22   0.25   0.87    2.33     4.56    48.25    3.83    2.56    4.18    3.43    9.26  -0.42   0.50    7.5   28.7   -0.35  -0.11  2.33+-0.82 100.0
2MASS-GC02     272.40210  -20.77889   5.50   0.44    2.91    0.37    12      0  1.58e+04          0    24.6      0   1.80      0   0.63    2.20     2.85    15.28    3.04    1.91    3.24    2.58    8.31   0.60   0.67    2.2    8.5   -0.33  -0.13    
NGC_6558       272.57397  -31.76451   7.47   0.29    1.08    0.17    20   1118  2.65e+04   8.17e+02    9.66   0.16   1.16   0.07   0.17    1.47     1.70     9.51    4.80    2.81    4.39    3.24    7.95   1.40   0.63    4.1   16.5   -0.35  -0.08    
IC_1276        272.68444   -7.20760   4.55   0.25    4.34    0.17    20    300  7.39e+04   6.98e+03    9.92   0.07   1.80   0.20   1.18    3.15     5.21    37.32    2.90    1.80    3.38    2.72    9.07  -0.25   0.49    3.6   13.6   -0.32  -0.10    
Ter_12         273.06583  -22.74194   5.17   0.38    3.17    0.34    11    198  8.72e+04   1.95e+04   13.82   0.12   3.69   0.91   0.84    1.72     3.28    32.11    3.32    2.47    3.72    3.26    8.89  -2.30   0.09    4.3   17.6   -0.38  -0.13    
NGC_6569       273.41167  -31.82689  10.53   0.26    2.59    0.23   168    150  2.36e+05   2.15e+04    8.90   0.12   2.25   0.22   1.10    2.59     3.85    41.61    3.58    2.69    4.03    3.49    9.06  -0.07   0.59    7.3   27.3   -0.26  -0.12  0.81+-0.91  52.3
BH_261         273.52750  -28.63500   6.12   0.26    2.20    0.23     2     22  2.20e+04   1.17e+03   10.75   0.15   7.88   0.51   0.34    2.66     4.66    16.48    3.54    1.41    3.47    2.33    8.92  -1.70   0.40    2.1    8.6   -0.39  -0.13    
NGC_6584       274.65665  -52.21578  13.61   0.17    6.99    0.15    25    102  1.02e+05   1.73e+04    8.76   0.05   1.34   0.23   1.55    3.44     5.37    55.84    2.78    1.90    3.37    2.84    9.20  -0.63   0.54    4.0   15.1   -0.33  -0.12    
NGC_6624       275.91879  -30.36103   8.02   0.11    1.20    0.01   440   2017  1.56e+05   3.92e+03    8.03   0.08   2.09   0.14   0.33    2.33     3.69    19.45    5.05    2.61    4.69    3.36    8.91   0.32   0.75    7.0   29.1   -0.36  -0.05  0.87+-1.04  46.7
NGC_6626       276.13704  -24.86985   5.37   0.10    3.02    0.09   190    365  2.99e+05   1.94e+04    6.85   0.07   2.14   0.18   0.29    1.60     2.26    47.61    5.11    3.49    5.00    4.05    8.72  -0.01   0.69   11.3   45.2   -0.42  -0.11  2.42+-1.08 100.0
NGC_6637       277.84625  -32.34808   8.90   0.10    1.71    0.05    62    168  1.55e+05   1.81e+04    7.62   0.05   1.72   0.21   0.85    2.41     3.69    25.34    3.65    2.57    4.00    3.35    8.95   0.06   0.61    6.1   23.3   -0.30  -0.12    
NGC_6638       277.73373  -25.49747   9.78   0.34    2.30    0.25     7     90  1.18e+05   2.23e+04    8.79   0.11   1.48   0.31   0.46    1.86     2.20    29.94    4.31    3.12    4.38    3.67    8.49   1.58   0.74    6.9   26.8   -0.33  -0.10    
NGC_6642       277.97596  -23.47560   8.05   0.20    1.66    0.01    21   1039  3.44e+04   1.11e+03    9.65   0.12   1.22   0.07   0.17    1.34     1.51    15.42    4.86    3.08    4.50    3.46    7.92   1.33   0.69    4.8   19.4   -0.32  -0.08    
NGC_6652       278.94012  -32.99072   9.46   0.14    2.18    0.09    39    122  4.81e+04   7.04e+03    8.92   0.05   1.80   0.27   0.26    1.47     1.96    18.84    4.57    2.88    4.36    3.37    8.19   1.04   0.69    4.9   19.6   -0.36  -0.06    
NGC_6656       279.09976  -23.90475   3.30   0.04    5.00    0.03  2324   9282  4.76e+05   5.04e+03    5.06   0.06   2.05   0.08   1.04    3.15     5.29    77.20    3.95    2.59    4.30    3.52    9.52  -0.95   0.45    8.9   35.2   -0.37  -0.08  3.38+-0.71 100.0
Pal_8          280.37729  -19.82886  11.32   0.63    4.09    0.51     6    224  6.74e+04   1.50e+04   11.02      0   6.34   1.84   1.95    3.43     5.86    34.48    2.35    1.60    3.05    2.59    9.15  -0.29   0.45    3.1   11.6   -0.28  -0.11    
NGC_6681       280.80316  -32.29211   9.36   0.11    2.29    0.06    54   4691  1.16e+05   1.68e+03    7.91   0.05   1.84   0.07   0.07    2.14     2.89    27.72    6.33    2.76    5.38    3.42    8.71   0.15   0.69    7.1   29.4   -0.38  -0.12    
RLGC_2         281.36737   -5.19258  15.85   2.20    9.40    1.95     0     24  2.43e+05          0    13.9      0   1.80      0   0.24    3.38     4.87    92.98    5.70    2.41    5.02    3.29    9.23  -0.20   0.57    7.6   31.6   -0.39  -0.07    
NGC_6712       283.26802   -8.70596   7.38   0.24    3.55    0.01   218    350  9.63e+04   7.15e+03    8.60   0.06   1.58   0.13   1.06    2.53     3.21    33.66    3.30    2.54    3.74    3.27    8.73   0.84   0.70    5.1   18.6   -0.27  -0.10  0.58+-0.69  45.8
NGC_6715       283.76385  -30.47986  26.28   0.33   18.51    0.32  1440   4007  1.78e+06   2.99e+04    7.57   0.08   2.10   0.12   0.54    3.58     5.20   283.30    5.18    3.19    5.25    4.09    9.65  -0.28   0.54   19.2   76.8   -0.37  -0.02  0.57+-1.11  18.5
NGC_6717       283.77518  -22.70147   7.52   0.13    2.38    0.02    17     74  3.58e+04   8.30e+03    8.98   0.05   1.55   0.36   0.20    3.65     4.23    19.80    4.37    1.75    4.09    2.57    8.73   1.19   0.88    3.3   13.6   -0.36  -0.06    
NGC_6723       284.88812  -36.63225   8.27   0.10    2.47    0.02   372    300  1.77e+05   1.07e+04    7.21   0.05   2.01   0.14   1.68    3.55     5.06    37.16    2.96    2.22    3.60    3.14    9.21  -0.11   0.63    5.5   20.0   -0.32  -0.11  0.84+-0.55  93.0
NGC_6749       286.31406    1.89976   7.59   0.21    4.94    0.04    16     44  2.11e+05   4.28e+04   10.91   0.08   1.40   0.29   1.44    4.54     7.09    63.40    3.04    1.87    3.62    2.93    9.51  -0.59   0.47    5.1   19.9   -0.40  -0.06    
NGC_6752       287.71710  -59.98455   4.12   0.04    5.30    0.02  2727   6819  2.76e+05   3.79e+03    5.35   0.06   2.34   0.11   0.13    2.87     5.27    67.43    5.93    2.36    5.20    3.28    9.40  -0.83   0.64    7.6   31.7   -0.38  -0.11  0.91+-0.34  99.9
NGC_6760       287.80027    1.03047   8.41   0.43    5.17    0.14    79    338  2.69e+05   2.46e+04    8.89   0.06   1.80   0.18   1.07    3.25     5.22    71.60    3.54    2.37    3.98    3.29    9.28   0.22   0.50    6.8   26.3   -0.30  -0.05    
NGC_6779       289.14819   30.18347  10.43   0.14    9.91    0.09    80    240  1.86e+05   1.76e+04    8.15   0.06   1.74   0.18   1.18    2.95     4.51    96.87    3.35    2.39    3.83    3.26    9.17  -0.49   0.67    6.0   22.7   -0.33  -0.11  1.09+-1.52  35.1
Ter_7          289.43298  -34.65772  24.28   0.49   16.85    0.47    47      0  2.40e+04   4.10e+03   11.86   0.05   2.14   0.37   4.28    6.33    13.21    64.78    0.87    0.10    1.90    1.44    9.69  -1.36   0.20    1.2    4.6   -0.29  -0.10    
Pal_10         289.50693   18.57899   8.94   1.18    7.60    0.59     4    294  1.62e+05   2.74e+04   12.37   0.05   1.88   0.32   2.09    4.02     6.33    67.29    2.63    1.89    3.36    2.92    9.35  -0.35   0.43    4.6   17.3   -0.27  -0.08    
Arp_2          292.18381  -30.35564  28.73   0.34   21.39    0.33    49      0  3.70e+04   6.13e+03   11.65   0.06   1.80   0.31   7.84   14.17    18.45    85.77    0.40   -0.15    1.69    1.34    9.77   0.03   0.62    1.3    4.6   -0.18  -0.04  4.06+-4.15  67.6
NGC_6809       294.99878  -30.96475   5.35   0.05    4.01    0.03   534    799  1.93e+05   8.19e+03    6.29   0.05   2.06   0.10   2.90    4.58     6.95    51.52    2.39    1.84    3.26    2.91    9.55  -1.04   0.53    4.9   17.3   -0.26  -0.11  0.88+-0.38  99.9
Ter_8          295.43503  -33.99947  27.54   0.42   20.43    0.40    73      0  6.21e+04   1.40e+04   11.05   0.05   1.79   0.41  10.62   15.17    21.53   101.42    0.30   -0.13    1.72    1.45   10.12  -1.26   0.12    1.6    5.4   -0.18  -0.04  0.79+-1.51  37.5
Pal_11         296.31000   -8.00722  14.02   0.51    8.70    0.41    17     18  1.19e+04   4.91e+03   11.86   0.05   1.26   0.52   4.08    5.75     7.72    31.87    0.84    0.49    1.85    1.62    8.94   1.06   0.14    1.2    3.9   -0.10  -0.07    
Sagittarius_II 298.16471  -22.06525  66.53   1.56   59.54    1.51    28      0  1.85e+04   3.37e+03   14.04   0.13   1.48   0.31  20.39   29.00    39.31   151.12   -1.06   -1.43    0.64    0.40   10.23  -0.65   0.44    0.6    2.1   -0.12  -0.02    
NGC_6838       298.44373   18.77919   4.00   0.05    6.86    0.01   271    910  6.56e+04   3.27e+03    7.16   0.04   1.72   0.10   1.48    3.41     6.57    43.17    2.51    1.47    3.11    2.51    9.32  -1.37   0.45    2.8   11.1   -0.37  -0.10  0.74+-0.42  97.8
NGC_6864       301.51978  -21.92116  20.52   0.45   14.30    0.42    47     62  3.70e+05   6.99e+04    8.51   0.05   1.66   0.32   0.38    2.06     2.96   153.65    4.96    3.24    4.91    3.91    8.95   0.04   0.61   11.1   44.6   -0.37  -0.07    
NGC_6934       308.54739    7.40447  15.72   0.17   12.83    0.14    63    162  1.36e+05   1.91e+04    8.74   0.05   1.52   0.22   1.22    2.95     5.16    86.40    3.15    2.08    3.64    3.00    9.26  -0.74   0.52    4.8   18.5   -0.37  -0.12    
NGC_6981       313.36542  -12.53731  16.66   0.18   12.53    0.16    70    228  6.89e+04   1.24e+04    9.32   0.05   1.35   0.25   2.07    4.14     5.96    49.82    2.30    1.59    3.02    2.59    9.15  -0.38   0.09    3.1   11.4   -0.28  -0.10    
NGC_7006       315.37263   16.18732  39.32   0.56   36.67    0.53    43      0  1.36e+05   3.51e+04   10.69   0.05   1.58   0.41   1.59    4.31     6.99   156.71    2.79    1.68    3.39    2.73    9.46  -0.71   0.13    4.1   15.9   -0.38  -0.08    
Laevens_3      316.72938   14.98440  61.77   1.65   58.85    1.60     7      0  2.12e+03          0    16.1      0   1.80      0   2.69    7.08     9.46    37.93    0.38   -0.52    1.21    0.68    8.86   0.11   0.67    0.4    1.7   -0.36  -0.11    
NGC_7078       322.49304   12.16700  10.71   0.10   10.76    0.07  1255   8215  6.33e+05   6.55e+03    6.28   0.08   1.58   0.10   0.04    2.03     4.30   140.75    7.12    2.99    6.05    3.81    9.47  -1.33   0.01   13.1   51.3   -0.39  -0.09  3.29+-0.51 100.0
NGC_7089       323.36258   -0.82325  11.69   0.11   10.54    0.08  1454    450  6.20e+05   1.10e+04    6.48   0.05   1.75   0.07   0.77    3.04     4.77   111.48    4.31    2.83    4.58    3.72    9.44  -0.49   0.01   11.0   43.4   -0.39  -0.08  3.01+-0.70 100.0
NGC_7099       325.09213  -23.17986   8.46   0.09    7.36    0.04  1234    833  1.43e+05   5.71e+03    7.37   0.06   1.91   0.12   0.06    2.54     4.99    75.59    5.91    2.14    5.08    3.04    9.28  -1.01   0.02    5.6   23.3   -0.40  -0.13  1.10+-0.40 100.0
Pal_12         326.66180  -21.25261  18.49   0.30   15.28    0.26    21      0  6.27e+03   1.21e+03   11.99   0.05   1.27   0.25   3.86    6.88    10.52    39.71    0.47   -0.19    1.46    1.05    9.11  -0.07   0.49    0.7    2.5   -0.22  -0.09    
Pal_13         346.68519   12.77154  23.48   0.40   24.57    0.36    20      0  3.02e+03   5.59e+02   13.89   0.06   1.94   0.37   1.97   12.86    16.95    38.56    0.59   -1.10    1.31    0.31    9.26   0.70   0.64    0.4    1.7   -0.31  -0.01    
NGC_7492       347.11117  -15.61147  24.39   0.57   23.57    0.52    29      0  2.66e+04   7.83e+03   11.14   0.05   1.37   0.40   4.70    7.56     9.89    94.38    0.96    0.52    2.03    1.74    9.29   0.30   0.11    1.5    5.2   -0.18  -0.09    
